33.96 -118.3003 59
34.2214 -118.4699 72
33.9747 -118.2827 88
34.2355 -118.5361 104
34.1649 -118.375 51
34.2012 -118.4094 147
34.0761 -118.3766 66
34.2428 -118.4675 53
34.2355 -118.605 60
33.9892 -118.2915 123
34.029 -118.4149 91
34.0445 -118.3764 101
34.2084 -118.571 75
34.0447 -118.3284 57
34.0704 -118.2917 60
34.0256 -118.3177 58
34.0534 -118.3762 77
34.0265 -118.4279 62
34.1939 -118.5011 68
34.2428 -118.5361 75
34.2354 -118.4502 85
34.0763 -118.3091 80
34.2012 -118.4793 53
34.1867 -118.4836 85
34.0636 -118.3004 58
34.2012 -118.4662 129
34.2217 -118.4327 58
34.1236 -118.3775 72
34.046 -118.3453 54
34.2012 -118.4837 78
34.22 -118.5885 107
34.2201 -118.5798 53
34.1985 -118.4662 52
34.194 -118.3965 71
33.989 -118.3308 82
34.3129 -118.4373 85
34.2012 -118.4662 196
34.1867 -118.4181 75
34.1884 -118.5975 53
34.0109 -118.3002 59
34.2647 -118.4019 75
34.1509 -118.4487 92
34.0325 -118.3519 95
34.2736 -118.3938 71
34.1721 -118.4485 64
34.171 -118.5709 87
33.96 -118.3003 94
33.9747 -118.2695 66
34.2564 -118.5536 56
34.0577 -118.2842 58
33.9829 -118.3309 56
34.1006 -118.3387 52
34.2427 -118.6065 55
33.9434 -118.3993 89
34.1867 -118.4662 120
34.0909 -118.2917 59
33.931 -118.2652 72
33.9747 -118.2783 75
34.2355 -118.4676 105
34.2217 -118.3965 103
34.2355 -118.5623 66
34.0326 -118.335 115
34.1017 -118.3093 54
34.0618 -118.2916 61
34.1649 -118.3704 94
34.2143 -118.4488 92
34.2012 -118.3878 67
34.1685 -118.6058 108
34.1723 -118.5185 55
34.0217 -118.3723 110
34.019 -118.2333 56
34.1866 -118.5011 97
34.0981 -118.3092 81
34.2212 -118.5027 75
34.098 -118.3656 65
34.0887 -118.4748 62
34.0597 -118.3091 63
34.1722 -118.5012 87
33.9745 -118.3309 74
34.1721 -118.4662 150
34.0716 -118.3614 106
34.0256 -118.3351 85
34.2142 -118.4661 70
34.0691 -118.2917 107
34.0581 -118.3091 60
34.098 -118.3223 55
34.0908 -118.3092 79
34.1866 -118.5448 53
34.0038 -118.2827 79
34.1284 -118.3472 73
34.098 -118.3295 51
34.0763 -118.2917 78
34.2471 -118.4482 55
33.7406 -118.2923 52
34.2012 -118.3878 70
34.1016 -118.3267 68
34.2012 -118.5011 73
34.1867 -118.44 62
34.0558 -118.3649 54
34.2573 -118.5361 128
34.1866 -118.5535 91
34.0835 -118.3091 54
34.2214 -118.4677 114
33.9892 -118.2827 84
34.0182 -118.2915 52
34.037 -118.4351 53
34.1017 -118.318 58
34.1625 -118.5186 69
34.0499 -118.437 67
34.1016 -118.3387 55
33.9892 -118.3089 110
34.1898 -118.6426 56
34.194 -118.4312 73
34.3101 -118.4273 53
34.1938 -118.6059 90
34.2085 -118.4488 58
34.1867 -118.3987 55
34.0836 -118.3016 66
33.9748 -118.2652 66
33.791 -118.2917 92
34.2648 -118.5023 67
34.2084 -118.5535 54
33.9746 -118.3003 60
33.9601 -118.2695 60
34.1939 -118.536 121
34.2393 -118.3938 65
34.1016 -118.3297 58
34.1866 -118.5535 92
33.9601 -118.287 88
34.0691 -118.2916 140
34.0399 -118.3177 65
34.2465 -118.2761 59
34.0014 -118.4679 94
34.2012 -118.4313 175
33.9721 -118.4303 55
34.2355 -118.5361 93
34.0578 -118.4478 56
34.0527 -118.3091 57
34.0441 -118.4675 51
34.0635 -118.3091 78
34.2356 -118.4763 73
34.1907 -118.6234 93
33.8589 -118.2905 58
34.231 -118.5536 84
34.0184 -118.2823 60
33.9819 -118.2652 66
34.2299 -118.5536 66
34.0633 -118.2738 59
34.0637 -118.2916 78
34.2012 -118.4749 102
34.2283 -118.4677 102
34.011 -118.3351 77
34.1538 -118.4662 122
34.1866 -118.536 93
34.2085 -118.3878 54
34.1866 -118.5273 56
34.0443 -118.2916 95
34.22 -118.5885 83
33.9601 -118.2739 95
33.9245 -118.4318 103
34.2216 -118.4488 186
34.1939 -118.5535 84
34.0517 -118.2798 51
34.0623 -118.344 52
33.96 -118.2917 113
33.7397 -118.2923 53
34.0109 -118.2915 69
34.2693 -118.5552 61
33.9748 -118.2564 63
34.194 -118.3703 76
34.1649 -118.3746 59
34.1436 -118.3953 97
34.2355 -118.5536 86
34.2012 -118.4574 112
34.2209 -118.5274 78
33.9309 -118.3961 73
34.1867 -118.3888 60
34.0353 -118.3779 71
33.9892 -118.2827 56
34.2083 -118.5885 52
34.0037 -118.2915 73
34.2575 -118.5023 108
34.1524 -118.4574 78
34.0183 -118.3556 83
34.228 -118.4344 60
34.0499 -118.309 54
34.1649 -118.4486 55
34.2083 -118.5885 65
34.2737 -118.4117 92
34.04 -118.309 99
34.1434 -118.3975 99
34.0404 -118.3475 106
34.2222 -118.571 72
34.0216 -118.3556 81
34.2469 -118.4195 124
34.0907 -118.3386 52
33.8583 -118.2993 61
34.1052 -118.3375 141
34.2012 -118.4182 96
34.0282 -118.2749 91
34.0479 -118.3447 82
34.1907 -118.4487 74
34.3156 -118.4408 56
34.2755 -118.5702 52
34.2355 -118.5885 90
34.0436 -118.309 92
34.1112 -118.3358 81
34.1864 -118.6234 71
34.2217 -118.3965 59
34.1016 -118.3387 111
34.0745 -118.2917 80
34.2575 -118.5023 84
33.9455 -118.309 63
33.989 -118.3308 80
34.2287 -118.5273 79
34.0715 -118.3764 54
34.1938 -118.6016 63
34.1794 -118.4487 72
34.098 -118.3414 57
34.1867 -118.4749 60
34.0717 -118.2671 98
34.1939 -118.5011 53
34.2011 -118.536 64
34.0526 -118.2916 54
34.201 -118.5535 84
34.2006 -118.3965 108
33.9892 -118.2915 54
34.2012 -118.571 60
34.2212 -118.5055 121
33.9445 -118.3961 103
34.2282 -118.5623 59
34.1524 -118.3703 64
34.098 -118.3441 89
34.2012 -118.44 95
34.0981 -118.3136 56
34.2011 -118.5885 95
34.0551 -118.2545 55
34.0327 -118.309 71
34.2012 -118.4487 140
34.0468 -118.4473 57
34.0385 -118.5556 128
34.0255 -118.3548 86
34.2356 -118.472 62
34.2646 -118.4673 71
34.0836 -118.2917 66
34.0183 -118.3556 135
33.9616 -118.4208 55
34.063 -118.2727 52
34.0399 -118.3311 55
34.1649 -118.3965 61
34.0216 -118.3556 82
33.9892 -118.2871 61
34.2355 -118.5274 72
33.7899 -118.2975 63
34.0763 -118.2917 54
34.2504 -118.5233 55
34.0215 -118.3351 61
34.1912 -118.6059 130
34.2012 -118.4225 67
34.0693 -118.2687 62
33.9746 -118.3003 104
34.2216 -118.446 80
34.2574 -118.4849 64
34.1717 -118.4757 52
33.9601 -118.2827 156
34.0621 -118.3383 56
34.2084 -118.5535 76
34.2206 -118.5448 52
34.0909 -118.2917 57
33.9745 -118.3309 60
34.2248 -118.4499 90
34.1111 -118.2918 54
34.1649 -118.3704 66
34.2197 -118.606 87
34.0399 -118.3328 95
34.237 -118.5025 104
34.1867 -118.4662 96
34.2012 -118.5011 114
34.1721 -118.4662 116
34.0652 -118.2492 58
34.1722 -118.5011 95
33.9822 -118.2915 60
34.0618 -118.2916 102
34.1688 -118.6145 70
34.2214 -118.4721 95
34.046 -118.3453 123
34.0689 -118.344 102
34.2421 -118.4261 58
34.0038 -118.2783 61
34.0509 -118.2585 53
34.1688 -118.5361 70
34.0383 -118.3772 90
33.9747 -118.2739 88
33.96 -118.309 116
34.2649 -118.5234 68
34.2428 -118.5536 119
34.04 -118.309 64
34.0385 -118.3484 69
34.0085 -118.3351 62
34.0037 -118.2827 73
34.3075 -118.4303 55
34.1504 -118.3965 61
34.0536 -118.3762 51
34.1938 -118.5884 96
34.2012 -118.4313 123
34.1939 -118.4618 65
33.931 -118.2826 55
34.0436 -118.309 53
34.2289 -118.4503 79
34.0039 -118.2565 72
34.2731 -118.4125 81
34.1531 -118.4618 57
34.1721 -118.4509 65
34.2282 -118.5536 54
34.0473 -118.2916 116
34.0761 -118.3765 88
34.1939 -118.5317 58
34.1884 -118.5797 56
34.2355 -118.5536 189
34.0183 -118.3556 51
34.2282 -118.5623 65
34.2428 -118.5536 52
33.9893 -118.2564 72
34.0654 -118.2916 65
34.1576 -118.44 83
34.2157 -118.3878 52
34.0324 -118.4537 62
34.04 -118.3003 55
34.1514 -118.4515 69
34.3075 -118.4303 80
34.0835 -118.3091 65
34.1878 -118.6015 78
33.9601 -118.2782 89
34.232 -118.5623 60
34.2012 -118.5623 51
34.194 -118.4052 56
34.1576 -118.44 52
34.2243 -118.6042 58
34.2084 -118.5011 68
34.0981 -118.3615 53
34.098 -118.3267 65
33.9601 -118.2827 65
34.2215 -118.4612 67
33.9892 -118.3089 162
34.0124 -118.3351 53
34.1017 -118.3224 66
34.2012 -118.4924 79
34.1939 -118.4487 91
34.0526 -118.2916 107
34.2214 -118.4749 107
34.1405 -118.3702 56
34.218 -118.4488 58
33.931 -118.287 51
34.1867 -118.4487 93
34.1548 -118.4662 91
34.272 -118.5022 72
34.1867 -118.4312 100
34.2354 -118.4502 91
34.1867 -118.4575 54
34.1939 -118.4487 119
34.0689 -118.3386 61
34.1793 -118.5975 70
34.1867 -118.4575 108
34.0578 -118.2916 60
34.2285 -118.5026 77
34.0908 -118.3266 51
33.9455 -118.309 60
34.0907 -118.3386 65
34.1939 -118.4574 94
34.2355 -118.4676 127
34.2198 -118.5975 56
34.1866 -118.5011 76
34.2152 -118.4488 68
34.2588 -118.4313 62
34.0763 -118.3004 56
34.062 -118.3619 55
34.2284 -118.4851 64
34.201 -118.6059 58
34.2012 -118.5273 52
34.0716 -118.3614 132
34.0328 -118.2915 54
34.1427 -118.4052 62
33.9295 -118.2543 84
34.2012 -118.4052 164
34.0617 -118.3142 59
34.2217 -118.4053 60
34.0418 -118.309 62
34.0404 -118.377 60
34.0085 -118.3351 97
34.0478 -118.3284 89
33.9746 -118.2918 104
34.1794 -118.4052 56
34.1729 -118.536 91
34.1733 -118.5974 56
34.1829 -118.6059 72
34.2178 -118.4663 53
34.2469 -118.4195 62
34.1867 -118.4487 70
34.2085 -118.4662 73
33.943 -118.402 99
34.2084 -118.571 80
33.7907 -118.2828 68
34.1867 -118.4662 102
34.2217 -118.4328 84
34.2215 -118.4553 77
34.0037 -118.3089 74
34.0359 -118.3495 85
34.098 -118.3445 73
34.2207 -118.5361 97
33.9455 -118.3995 54
34.2358 -118.5025 90
34.1078 -118.2376 54
34.069 -118.3091 67
34.0527 -118.3091 56
34.2247 -118.4677 54
34.2207 -118.5361 100
33.9746 -118.3177 59
34.0595 -118.3762 53
34.1112 -118.3358 59
34.2503 -118.5024 65
34.0596 -118.2749 61
34.117 -118.2717 67
34.2048 -118.4488 64
34.0212 -118.2805 56
34.201 -118.571 52
34.1939 -118.4749 63
34.2573 -118.5798 70
34.1664 -118.5883 92
34.0598 -118.2916 65
33.9602 -118.2651 66
34.2214 -118.4677 76
34.0326 -118.3363 55
34.1594 -118.4487 52
34.1609 -118.5098 91
34.0835 -118.3386 64
34.2012 -118.5273 92
34.2793 -118.5021 100
34.0277 -118.2574 52
34.2084 -118.536 81
34.25 -118.5886 53
33.9746 -118.309 116
34.0174 -118.3089 56
34.1867 -118.4052 91
34.2645 -118.5361 67
34.0037 -118.2915 56
34.2198 -118.5975 73
34.0285 -118.3898 62
33.994 -118.4526 53
34.2012 -118.4138 89
33.9455 -118.3785 75
34.2083 -118.606 53
34.1867 -118.3703 66
34.2012 -118.4487 147
34.1938 -118.5884 88
34.0468 -118.2641 55
34.1613 -118.4486 53
34.0294 -118.4502 60
34.04 -118.2916 74
34.1939 -118.536 58
34.1867 -118.4836 71
34.0944 -118.3386 57
34.2216 -118.4488 161
34.1723 -118.5185 61
34.2012 -118.4706 62
33.9747 -118.2871 65
34.1937 -118.6234 81
34.2084 -118.536 58
34.0689 -118.344 61
33.9824 -118.2827 59
34.098 -118.3387 79
34.0958 -118.2862 55
34.18 -118.536 77
34.0037 -118.2871 62
34.2391 -118.5361 51
34.1937 -118.6234 57
34.1867 -118.3703 91
34.2202 -118.571 117
34.2928 -118.4144 64
34.0654 -118.3091 54
34.1576 -118.4312 82
34.25 -118.5886 61
34.1867 -118.4052 61
34.1867 -118.4312 82
34.1794 -118.4662 81
34.1726 -118.5622 61
34.1529 -118.3703 75
34.1636 -118.522 53
34.1062 -118.2563 52
34.272 -118.4284 65
34.0636 -118.2916 55
34.1867 -118.3965 78
34.2084 -118.5099 66
34.2246 -118.5361 59
34.2609 -118.5886 60
33.931 -118.2916 51
34.0472 -118.309 69
34.2011 -118.5885 73
34.1685 -118.6058 57
33.9931 -118.3308 60
34.2284 -118.4851 51
34.0465 -118.4484 57
34.201 -118.6147 53
34.2012 -118.4723 55
34.1721 -118.4574 59
34.0762 -118.3441 65
34.1857 -118.5709 78
34.2012 -118.5186 55
34.2011 -118.536 75
34.0037 -118.3089 58
34.0908 -118.3136 65
34.0572 -118.3457 58
34.1576 -118.4923 78
34.0039 -118.274 54
34.2283 -118.4677 55
34.0471 -118.3762 53
34.0526 -118.3 51
33.9822 -118.287 59
33.931 -118.2826 91
34.2012 -118.405 63
34.058 -118.2759 54
34.2791 -118.4697 72
34.2748 -118.5621 51
34.2083 -118.5754 54
34.1576 -118.3965 69
34.1884 -118.5884 58
34.0281 -118.2194 101
34.2211 -118.5099 51
34.098 -118.3387 79
33.9295 -118.2543 68
34.2011 -118.5797 71
34.1939 -118.4662 65
34.0501 -118.3442 75
34.1939 -118.4662 108
34.1016 -118.3387 81
33.9905 -118.4478 101
34.1831 -118.3856 53
34.1042 -118.3383 71
34.1413 -118.3877 60
33.994 -118.4526 56
34.1775 -118.536 53
34.0109 -118.3089 51
34.0399 -118.3177 59
34.1903 -118.3877 52
33.9747 -118.2827 71
34.1867 -118.4618 51
34.1017 -118.3093 60
34.2282 -118.5885 61
34.0618 -118.3004 54
34.1724 -118.536 54
34.0477 -118.4443 61
33.7905 -118.2811 62
34.25 -118.5361 53
34.2103 -118.4488 64
34.073 -118.3765 77
34.1794 -118.3965 54
34.2083 -118.5798 62
34.1884 -118.5975 60
33.9824 -118.2827 58
34.0618 -118.3004 52
34.0023 -118.3311 59
34.0399 -118.2841 61
33.9824 -118.2739 53
34.1655 -118.5272 64
34.0908 -118.3092 92
33.9564 -118.309 51
34.25 -118.4674 63
34.1615 -118.5142 53
34.2095 -118.4306 58
33.9746 -118.2918 69
34.2573 -118.5798 56
34.1867 -118.4137 64
34.0617 -118.3091 62
34.0182 -118.3351 55
34.0835 -118.3441 60
34.1794 -118.4312 54
34.2573 -118.5541 58
34.2573 -118.5361 97
34.1938 -118.5623 59
34.2353 -118.4404 72
33.9599 -118.3962 61
34.0534 -118.2409 51
34.0981 -118.318 61
33.7895 -118.3076 64
34.02 -118.2395 57
33.96 -118.309 59
34.2357 -118.4938 56
34.1593 -118.5011 56
34.0373 -118.3774 59
34.2214 -118.4731 56
34.194 -118.4312 95
34.1684 -118.3965 53
34.1867 -118.3878 60
33.9746 -118.309 71
34.1939 -118.44 61
34.098 -118.3267 53
34.25 -118.6061 58
34.0839 -118.2224 52
34.0277 -118.2574 62
34.0433 -118.2841 57
34.0762 -118.3386 56
34.1649 -118.379 57
34.2572 -118.6061 75
34.2677 -118.4051 59
34.0382 -118.4412 51
34.0267 -118.1985 64
34.1867 -118.3965 61
34.0515 -118.3667 60
34.1722 -118.3965 58
34.172 -118.5882 86
34.2214 -118.4837 57
34.0406 -118.2117 56
34.1866 -118.536 69
34.0508 -118.2916 69
33.9283 -118.2739 61
34.0039 -118.2565 54
34.0737 -118.3091 75
34.2228 -118.5536 69
34.2285 -118.5026 73
34.0632 -118.3614 64
34.1866 -118.5185 68
34.1867 -118.4137 53
34.2793 -118.5021 54
34.0835 -118.3135 53
34.2356 -118.4851 86
34.1829 -118.5975 64
34.0447 -118.3284 83
34.0267 -118.3721 51
34.2197 -118.606 60
34.1758 -118.4662 75
34.1626 -118.6308 51
34.1867 -118.4225 69
33.931 -118.2739 103
34.0173 -118.22 51
34.1577 -118.3703 54
34.2968 -118.4422 65
34.0146 -118.3351 52
34.2428 -118.5579 53
34.2797 -118.418 57
34.0112 -118.2827 56
34.1866 -118.5622 53
34.1938 -118.6059 51
34.1149 -118.2458 59
